class	feature 1	feature 2	feature 3	feature 4	feature 5	feature 6	feature 7	feature 8	feature 9	feature 10	
1	0.783170	-1.008609	-1.111051	1.662477	1.120946	0.478215	1.740058	-0.856460	-0.968470	-0.333715	
1	-1.026003	-0.233585	-0.014968	-1.364731	1.990652	0.442770	0.689160	0.209875	-0.892699	0.063804	
1	0.555915	0.647914	0.504814	-1.439928	1.169812	1.154232	0.747607	-0.238873	0.909458	-0.080437	
1	-0.857086	0.232663	-0.826047	-0.302138	2.227454	-0.588108	-0.182784	0.827286	0.332341	-1.472827	
1	-0.862293	-0.278097	1.461065	-1.595055	2.587083	-0.166628	-0.711036	-3.028467	0.270755	1.624437	
1	1.041838	0.063167	0.878441	1.707399	1.697915	0.396337	-1.950457	1.829329	-1.482331	-2.049825	
1	-0.408072	-0.170597	-0.378600	1.099920	2.116563	0.225513	0.377632	-1.124094	1.194399	0.043365	
1	-1.172426	-1.282813	0.092152	2.397415	2.606328	0.917014	-1.321367	0.828350	-0.131159	-0.749015	
1	0.047507	0.506898	0.620839	1.434388	2.463210	-1.759646	-2.635203	-1.857286	0.416051	0.741135	
1	-0.996799	0.776002	-0.654476	1.919630	2.032875	-0.907569	1.203041	0.660307	1.342473	0.074343	
1	-1.843814	0.253020	-1.886018	-0.395762	0.829200	-1.261289	-0.080055	-1.207393	-1.163861	-2.171864	
1	-0.323302	0.351479	0.429513	2.226677	1.682723	-1.546728	0.402839	2.340694	0.428560	1.376923	
1	-1.740682	0.395197	0.070602	0.960867	0.592084	0.588062	-1.149367	0.036360	-1.329313	-0.754036	
1	-0.158837	0.342416	-1.210497	0.069437	1.734780	-0.442689	-0.214398	0.099737	-1.922920	-1.443598	
1	-2.395234	-0.454490	1.364490	2.609682	2.623454	-1.056303	0.127509	-0.794745	1.290020	-0.772728	
1	-0.768681	0.400396	0.524157	2.054764	2.334955	-0.199872	2.238676	-0.382125	0.076565	0.604108	
1	-0.352744	0.495266	-0.050833	0.734723	3.715891	-1.738597	0.662324	0.033224	0.431129	-0.352823	
1	-0.338887	1.376886	0.569643	1.391180	1.863597	-1.223296	-0.712349	0.023796	-1.005164	-2.785748	
1	0.081963	-1.690756	0.098804	0.468137	2.500261	0.312397	-0.296565	-0.173407	0.353999	1.446397	
1	-1.205841	-1.531917	-0.610428	-0.197736	2.076876	-1.730154	-1.119929	-1.333540	-0.788507	-0.337078	
1	0.140855	0.655610	-1.713537	1.296189	1.337121	1.503782	1.087166	-1.170324	0.483818	0.991014	
1	0.173553	1.132802	-0.428611	0.616209	2.022099	-1.314874	-0.394038	0.432066	-0.863696	1.084178	
1	-0.709177	0.316194	0.347235	0.448551	1.596857	-0.055081	1.335623	0.428045	0.374908	0.461437	
1	3.580511	-1.197469	-0.984938	1.512193	1.347985	-0.724858	-0.292997	-0.843290	2.722350	0.096456	
1	1.186118	-0.572339	-1.017565	0.325393	1.573721	-0.169917	-0.107806	1.729596	0.832164	1.429331	
1	0.925128	1.013687	1.353126	0.537561	1.858208	0.411956	-1.088332	0.024254	-0.469048	-1.435128	
1	0.013909	1.232217	0.681853	3.357082	3.869278	1.223364	-0.810126	1.463596	-0.235068	-0.657712	
1	-1.863567	0.707704	0.722091	-2.212986	1.626030	1.215274	1.106979	-0.697012	-1.517192	-1.286464	
1	-0.858530	-1.471978	-2.148557	-0.083327	1.510851	-0.426247	1.023590	1.602351	0.109342	-0.471502	
1	-0.601002	0.452580	-0.550950	-0.796060	1.488279	-0.179535	-0.075151	0.257641	1.057745	-1.484968	
1	0.252596	-1.943139	1.213325	3.880555	1.999063	0.244367	1.169860	0.654208	1.156835	1.322268	
1	-0.807844	0.226204	0.339186	0.637139	2.811533	1.659481	0.264010	-1.275749	-0.635547	0.170779	
1	0.220504	-0.120251	-2.044572	3.315993	1.179110	0.899479	-1.363976	0.084527	0.367585	0.536532	
1	0.806941	0.758559	0.887617	1.252475	0.264306	-1.638904	-0.927633	1.880433	0.306387	0.601337	
1	-0.321162	-0.127877	0.089337	1.087294	1.939462	-0.733516	-0.777906	0.023982	0.056086	1.685771	
1	-1.272794	-1.035778	1.052579	-0.665180	2.704565	-1.125305	-0.363990	0.081810	-0.705474	-0.658514	
1	0.150485	-0.300732	-1.746475	-0.517939	0.292682	-0.940351	0.202601	0.941253	-0.724067	-1.388992	
1	0.375333	-0.122645	0.905795	0.899802	2.545012	0.716389	0.183299	0.704790	0.004354	-1.116605	
1	-1.420333	-1.496821	-0.426930	0.118613	2.884350	-0.469461	-0.652053	-0.087410	-0.418738	0.548996	
1	1.202171	0.307898	0.443051	3.923870	2.123210	1.600014	0.313494	0.299299	-0.427791	0.172928	
1	-0.040897	-0.882125	-1.996242	-0.615853	0.614308	0.525856	-1.032161	0.739699	0.532017	0.279655	
1	-0.696913	1.114623	0.530120	2.967649	2.014158	0.321188	0.314993	0.006165	0.714409	0.223484	
1	-0.459300	0.486305	-2.386816	1.600820	2.399015	2.095263	-1.874110	-1.020533	-0.055571	-0.297743	
1	0.919763	-0.499518	0.318514	0.518062	2.588253	-0.390128	-0.156524	1.139319	0.310583	-1.720469	
1	0.000504	-1.114843	0.005663	-0.462859	2.501330	0.368814	0.910348	0.227639	1.248180	0.198755	
1	-0.127383	-1.682079	0.063688	-0.057640	2.518528	0.612250	0.144542	0.069239	-0.584236	1.604307	
1	-0.666681	0.894366	0.861029	0.040543	2.795785	-0.643189	1.391935	1.137207	0.370624	-1.184569	
1	0.302949	1.316869	-0.402105	-0.909284	1.152620	0.186749	-0.256890	-1.785938	0.500828	1.010721	
1	-1.033495	0.266766	-0.410034	3.156273	2.731474	-1.417838	0.193678	1.209321	-0.244463	1.377395	
1	0.203727	-0.589896	0.195020	-0.151863	0.757570	1.033563	-0.449444	0.170758	-0.235261	-0.840848	
1	3.408806	0.476291	1.394130	-0.721421	2.037770	1.898249	-0.269920	0.505199	-0.019596	-0.026610	
1	-0.072514	0.053787	-0.467753	1.023948	2.231142	0.307993	0.690031	0.954626	-0.755545	0.262225	
1	-0.622532	0.273372	-0.712500	1.028384	2.774780	-2.188355	0.386934	-1.593766	1.472642	1.099483	
1	0.804602	1.725818	-1.444771	-0.956361	1.308217	1.881504	-1.527890	1.927178	0.005147	1.095342	
1	-0.726807	-0.203150	1.597582	0.328940	2.128630	-1.280046	-0.090869	-0.134599	-0.764395	0.128534	
1	-0.621436	0.117307	0.716741	1.344058	2.944128	-1.269364	0.509912	-2.271942	-0.322857	0.136060	
1	-0.246717	-1.174494	0.418968	2.819684	2.278392	-0.861506	-0.493451	-1.641519	1.457794	-0.542970	
1	-0.129556	-0.722169	1.439808	0.503529	2.534267	-0.269051	-1.015574	1.272724	-1.784883	0.189834	
1	0.219465	1.027711	0.226908	2.303849	1.977554	-1.388501	0.217325	0.180104	0.521725	-1.768144	
1	0.498652	-0.549456	-0.684952	-1.289308	1.579014	3.048982	0.703298	-0.053922	0.851512	0.526076	
1	0.102059	-1.845128	-0.371958	0.425459	2.712116	-0.931871	0.993102	0.311309	0.745304	2.303923	
1	-0.905775	0.562675	0.667490	1.243238	2.428251	0.884561	2.479174	-0.976023	-1.372767	1.125960	
1	-0.334418	0.576406	1.963945	-2.420065	2.769624	0.684722	1.110643	0.365026	1.792015	-1.491096	
1	-0.285711	0.518157	0.707299	1.317589	1.679157	-0.846600	0.481517	-0.510142	-0.304943	1.299364	
1	-0.301011	0.827275	-0.261229	0.118058	2.038691	-0.920090	0.569748	0.261561	0.289869	-1.664135	
1	1.382038	-0.668605	-0.006449	-0.572122	2.739520	1.681937	0.818937	1.600499	-0.619202	1.268164	
1	2.382019	0.357855	0.423404	2.662092	1.246974	0.724988	0.608579	0.631450	-0.048662	0.055618	
1	-0.607708	-0.252547	-0.290284	1.416315	2.400275	-1.101214	-0.273402	1.404122	-1.371756	-1.491650	
1	0.072825	0.437819	-1.546773	-0.065275	2.334931	-0.280012	-1.743946	1.178258	-0.365287	-1.098669	
1	0.432691	-0.875469	-0.743112	0.479229	3.097845	-0.112832	0.018689	0.100290	-0.803592	0.200056	
1	1.338666	0.266900	-0.701075	-1.038381	3.391709	0.637743	-1.483348	-0.170674	-0.273301	0.961091	
1	0.188372	-0.207154	-1.077660	-0.489169	2.925771	0.976972	-0.182443	0.710914	0.340093	-0.772756	
1	-0.147507	1.942103	-0.526497	2.931259	1.204188	1.002931	-0.509273	-1.167911	0.060080	-1.126383	
1	0.444052	-0.117881	0.056874	3.836644	0.842841	0.975084	-0.172382	-0.129871	0.951579	-0.666654	
1	-1.332597	0.421224	-0.970443	2.073478	1.051225	0.297737	1.596513	0.541625	0.107335	0.738423	
1	0.245542	0.459842	-0.298683	-0.042275	2.512432	1.682555	1.195423	0.556763	-2.726866	0.894381	
1	-0.417725	-0.501745	0.873305	1.485686	1.625437	-0.841334	1.971009	-0.608480	-0.492348	0.078210	
1	-1.697396	1.184112	0.501264	0.232626	1.242036	2.081845	-0.414952	0.227855	1.117860	1.450819	
1	-0.614782	0.407786	0.446559	0.003141	1.866957	0.679158	-1.796196	0.007572	1.049753	-0.119656	
1	-0.295084	1.027958	-0.155765	2.397682	1.926230	1.458619	1.296673	-1.156629	1.984414	0.625910	
1	-0.101028	-0.677439	0.500490	3.819174	1.037135	-0.221274	0.477988	-0.916907	-0.741872	-0.946371	
1	-0.623278	-0.808857	-0.707625	1.389769	2.017645	-0.773781	0.181493	-0.433719	1.339766	0.281194	
1	0.675401	0.542488	-0.125940	2.389900	1.229328	0.538600	-1.275292	1.068280	0.170582	0.234343	
1	0.160532	0.684821	-2.278973	0.015437	1.409239	0.476589	0.078142	0.725006	0.706969	-0.456807	
1	-1.268093	0.616658	0.317949	0.621028	2.638440	0.490040	-0.876930	1.324311	0.316718	-0.359582	
1	-1.356639	0.981049	-2.005923	0.520852	1.621537	0.205832	-0.191369	0.880533	0.432067	0.661302	
1	0.835592	0.072865	-0.753381	2.875756	1.506053	0.680233	-0.749127	0.336122	0.226897	0.905568	
1	0.636367	-0.108310	1.309611	0.367044	3.060649	0.499988	-0.531185	0.031712	-0.439888	-1.170452	
1	-0.798088	-1.048560	1.671380	1.033198	2.726679	-0.769637	1.636901	0.205854	-2.377782	-0.539169	
1	-0.998175	0.092419	1.563092	1.854755	2.307493	-1.366855	1.984951	1.307115	-1.239086	1.376459	
1	-0.255446	0.564681	-1.090832	0.391912	2.220522	0.458514	-0.536357	0.268599	-1.545948	0.605751	
1	-0.126074	1.253946	-0.763478	-0.312497	1.358252	0.172352	-0.526809	1.024075	-0.478942	2.028369	
1	0.063974	-0.727676	-0.138019	0.687975	1.518222	0.495531	0.698130	-0.033768	-2.463869	-0.352227	
1	1.500761	0.482129	0.042070	-0.014634	2.555283	-1.483871	0.802163	-2.090792	0.349143	-0.176560	
1	1.429837	0.743397	-0.097490	0.231213	2.042588	-0.646680	-1.580007	-0.316059	0.971300	-0.204228	
1	-0.728924	1.096915	0.776490	2.236539	1.617369	0.199864	-0.779832	0.132936	-1.491409	-0.159023	
1	0.770706	-0.132433	0.011381	0.842344	3.464223	1.344863	-1.143477	-0.665029	-0.120222	1.152518	
1	0.903839	-1.080795	1.036663	2.161410	1.583084	-1.197793	0.462977	-0.046751	-0.509876	1.035951	
1	0.872625	-0.418563	0.375207	-0.926348	1.527538	0.131089	1.285612	-1.504244	-0.474441	4.090420	
1	0.630457	-0.790791	0.271202	0.862221	1.650217	0.219337	-0.375808	-0.673327	0.800878	1.345745	
1	0.454610	-0.017594	-0.471673	-0.386053	-1.928997	0.285633	0.607811	-0.800408	-0.225335	-2.118542	
1	-0.341502	-1.640663	0.455866	2.523198	-0.414063	-0.810615	-0.741598	-0.228205	-0.572569	-0.664135	
1	-0.649427	-0.659616	0.894757	3.057306	4.178983	-0.816737	-0.448738	0.460141	-1.101194	0.270397	
1	0.280744	-0.591201	1.360469	2.536958	0.786614	-0.548477	1.278238	0.566435	0.104934	-0.707957	
1	0.635786	0.768762	0.571324	0.798316	-2.013554	0.068705	0.199438	1.046659	0.292992	-0.327299	
1	0.660216	0.979148	-1.558198	0.755815	-1.444732	0.486625	0.556566	1.008541	0.106292	-0.090454	
1	-1.491649	0.524127	1.850382	2.871989	2.147506	2.068244	0.880427	-0.435626	0.353202	-0.445461	
1	-0.448754	-0.657343	-0.555710	1.361455	-0.622851	-1.598450	-1.063859	1.534746	0.732304	-1.811624	
1	0.465284	-0.582487	0.705040	3.154217	-0.407743	0.991179	0.842679	0.093346	1.027989	0.023864	
1	-0.004728	-1.713247	-2.840611	0.865838	-0.329035	1.043269	-0.756426	-0.988349	-0.589274	-0.983459	
1	-0.362940	1.323422	2.463474	2.536682	0.338069	-0.100794	0.981440	-0.943024	0.087843	0.300767	
1	-0.232491	-1.844275	-1.166339	1.036517	-1.904906	-0.947750	0.892898	-0.956019	0.456941	-2.510128	
1	-0.891437	0.829284	-0.703773	1.465547	0.868782	-0.346611	1.347870	-1.286460	0.053186	0.143755	
1	1.071067	-1.143565	-0.337670	1.322460	-0.480723	-0.336263	0.438222	1.295893	0.343100	-0.174190	
1	-0.249775	0.052984	0.306076	3.252349	0.186160	0.578173	0.767736	-0.262799	-1.022545	0.364012	
1	-1.093405	-0.231541	-1.059063	2.800707	2.453623	0.244114	-0.433392	1.012504	0.624151	-0.532921	
1	0.154740	0.787593	0.990305	2.194042	1.304608	0.716284	-1.476173	-0.513494	-0.484157	-1.092485	
1	-0.971869	1.398170	-2.026164	3.287577	-0.027012	-0.079975	-0.510023	1.428658	-0.179390	-0.163426	
1	0.212105	-0.255225	-0.027835	1.042056	-0.729847	0.585790	0.689417	0.347241	1.948165	0.227203	
1	-0.200711	1.329857	0.105734	0.284581	-0.934354	-0.097557	-0.457657	-0.944508	-0.082283	-0.893309	
1	0.877341	-1.430716	-0.308625	2.436124	-0.323305	1.792535	0.123272	0.797870	0.304505	-1.094972	
1	-1.372524	-1.347036	-1.819603	2.060673	0.466842	-0.704865	1.073843	0.603852	-2.473298	-0.441699	
1	-0.117274	0.650389	0.326536	2.068095	-0.052799	0.732958	1.572955	-1.559434	0.887656	-1.703354	
1	0.242275	0.544519	-0.955550	1.074389	-1.138864	2.255502	-0.077115	-1.395705	1.604074	-1.829196	
1	-0.783767	0.151994	0.656349	2.707953	-0.329033	-0.581295	-0.831921	0.138693	-1.155796	-1.885901	
1	-0.005874	-1.644702	-0.237369	2.498799	1.844731	0.070611	-0.709114	-0.702139	-0.223558	0.320483	
1	0.546593	0.772950	0.813907	0.677681	-0.841457	0.769204	1.883983	-0.520489	-0.742014	0.172850	
1	-1.149365	1.220892	0.716424	1.955830	-0.084652	0.090374	-1.848087	0.764116	-2.006374	0.059127	
1	0.512498	0.152731	0.259707	3.208846	1.409194	0.954017	0.208080	0.298530	-1.358355	3.228931	
1	1.358715	-0.170798	0.243426	1.907451	1.327885	0.296152	-0.323356	1.052731	-0.044083	0.450621	
1	0.035963	-1.041351	-0.244667	4.025724	1.796192	1.367047	-0.089697	0.295777	0.021041	0.635820	
1	-1.804928	-0.212549	0.698182	2.071908	-0.618398	-0.216252	-1.777702	1.458712	0.691082	-0.190334	
1	-0.374592	1.036527	-0.899002	1.753529	0.156054	-1.728259	-1.466205	-0.352188	-0.342405	-1.622880	
1	1.673487	0.087246	-0.143363	0.718315	-0.375984	0.789327	1.583541	0.141266	-0.333121	1.309325	
1	-0.746642	-0.010485	-0.116699	2.020760	-0.363369	-0.360196	-1.754747	-0.063791	1.554673	1.165015	
1	1.027664	0.564104	-0.427600	2.597381	-0.686157	0.047137	1.515992	0.132784	-0.729445	0.451996	
1	-0.355893	-0.766750	-0.411704	3.886835	0.172935	0.631135	-0.313105	-1.091660	-0.808344	-2.037243	
1	-0.802985	-0.389073	-0.556125	1.189641	-1.942535	-1.939665	-0.242881	0.695450	0.505628	0.686794	
1	0.054876	-1.245578	0.539034	1.789778	1.324910	-0.359276	-0.367793	-0.638779	0.558756	0.336504	
1	-0.330979	-1.590372	1.456560	2.077486	1.067235	0.587484	-0.923131	-1.011627	-0.033789	2.132978	
1	0.794424	-0.355826	1.109072	2.335380	-0.835068	-2.280638	0.701841	2.562975	0.018102	0.063399	
1	-0.326317	0.875122	-1.313093	2.430105	0.241693	-1.116867	-0.340415	-1.036510	-0.681405	-0.691689	
1	-1.424533	-0.415660	0.131571	3.479947	1.790592	-0.816486	0.382061	-2.296182	1.224207	-0.938319	
1	-0.418409	0.889929	0.394195	2.710909	0.049457	-0.485327	0.960845	-0.291674	0.207561	-0.303902	
1	-1.192591	-0.840752	-0.860640	1.440154	-0.229451	0.665019	0.340726	-0.878434	0.752666	-0.437848	
1	1.561536	-0.108086	-0.159049	4.403209	1.686252	-1.328313	-0.031181	1.808573	1.121654	1.077728	
1	0.682708	-0.741946	0.677089	1.449295	-1.662890	-0.126159	1.300579	0.508198	0.709923	2.262825	
1	0.556710	0.452049	-0.968122	2.424642	-0.535367	0.632914	-1.176799	0.275957	-2.072864	-1.226318	
1	1.058419	0.568172	-0.031549	3.492280	2.104373	0.469979	-0.976389	-0.404761	1.078494	-0.190072	
1	0.051925	-0.541787	0.917898	3.560005	1.128079	0.063516	-0.183658	-0.058316	-0.538622	-0.212889	
1	-0.373849	-0.857059	-0.098745	0.991121	-1.392749	0.556245	-1.846481	-1.809326	0.097973	-1.787013	
1	-2.102759	-2.891247	1.059691	1.828200	-0.208988	1.575581	0.592703	-0.657602	0.170321	0.175417	
1	1.360717	-1.475409	0.464260	1.226015	-1.749699	0.125633	-0.582565	1.100824	-1.711963	-0.504497	
1	-0.411002	0.866783	-0.673221	1.860614	-0.678295	1.625598	-0.341140	-1.200270	1.518897	-0.611234	
1	0.439279	2.014628	1.476135	1.844987	0.500828	1.799788	-0.572744	-0.777486	0.309340	1.181857	
1	-0.047503	0.411060	0.189697	0.727234	-0.279190	-0.481366	1.987394	0.511240	0.699090	0.659468	
1	0.453913	0.037729	-1.383400	2.379000	0.348714	-0.392537	-0.608183	0.317962	-0.139535	-0.727219	
1	-0.221617	0.535182	-0.784881	2.420206	0.649996	0.607410	-0.016105	0.783643	0.521841	0.867582	
1	-0.679263	-1.658181	-1.016477	1.805388	-0.969188	-0.751566	-0.499183	0.930434	-0.033250	-0.369591	
1	0.684610	1.056992	-2.316769	1.554115	-0.927045	-1.655369	0.162622	-0.329410	-0.271155	-0.619207	
1	1.428297	0.182946	-0.111380	1.661782	-0.744671	0.271736	0.046288	2.373097	1.063889	-0.015689	
1	-1.258606	-0.839601	0.223964	-0.216497	-1.692770	0.435436	0.738153	-0.136862	-0.065588	-1.015162	
1	1.696153	0.003900	0.493456	0.826455	-1.421242	0.197208	-1.190017	0.886041	-1.092966	-0.405153	
1	1.887821	0.064865	0.467991	1.089233	0.234859	-0.962003	-0.346654	-0.134943	0.568189	-0.516770	
1	0.745452	0.101283	0.451311	2.151560	-0.870056	-0.392200	-1.816176	0.259380	-0.772019	-0.282931	
1	0.977095	0.954393	-0.768185	2.223065	0.525335	1.030320	0.264233	-1.453351	-0.614742	-0.120859	
1	-0.897004	0.124648	-1.106091	1.580446	-1.065609	0.179983	0.937689	0.372033	-0.550485	1.973702	
1	0.737342	0.118135	0.328602	2.584045	0.610468	-0.193269	0.408466	-0.295864	1.115786	0.771572	
1	0.393883	1.446050	-0.653936	2.252339	0.373297	-0.574059	-0.837202	-1.477041	0.141285	-0.490986	
1	1.308669	-2.270746	0.124236	2.853680	-1.292185	-0.363181	0.513476	0.278737	-1.110072	0.941053	
1	1.107590	0.393961	-0.579178	1.960390	-0.247575	0.029741	-0.530290	-2.316076	-0.325475	0.823520	
1	-0.019690	-1.435470	-0.237611	2.094451	-0.598593	0.304111	-0.160781	0.384539	0.593813	0.953702	
1	0.586134	0.224953	1.065105	2.620951	2.588790	-0.702102	0.486319	1.016889	-0.178599	0.049566	
1	0.724845	1.563784	-0.610238	2.030637	1.076999	-0.995784	-1.629413	-0.618083	-0.486291	-1.343093	
1	-0.865865	-1.697418	-2.535761	3.069899	0.904561	0.043830	-0.890651	0.428534	-2.142629	0.620561	
1	0.790104	0.110984	-0.387754	1.377996	-1.201832	0.163041	-0.446313	0.317695	-1.195412	0.364494	
1	-0.146693	-0.773456	0.179518	2.459274	0.242082	0.034175	0.265341	-0.667093	-0.013347	-0.997157	
1	0.068417	0.832021	1.116260	1.849952	0.090052	-0.615752	-0.225654	0.086269	-1.808717	1.872243	
1	0.932236	0.316146	-0.323914	2.434595	1.455817	-1.659988	-0.158109	-1.185249	-0.478469	-0.346484	
1	0.494980	-1.205165	-0.013372	1.164039	-0.926209	-0.171724	-0.482954	0.687187	-0.513568	0.834770	
1	1.278331	0.612261	0.523703	2.798270	1.637540	0.865752	1.830467	0.976506	-0.685705	-1.016144	
1	-0.620000	0.800246	0.616725	-0.407227	-2.704580	1.810739	0.320417	-0.029192	-0.941524	1.407223	
1	-0.529931	-0.949783	1.094640	1.307574	0.462596	0.516697	-0.970291	-0.529071	0.843315	-0.269766	
1	-0.350149	-0.586604	-0.884646	4.164267	1.719012	0.336073	0.418248	1.987482	-1.692578	-0.530865	
1	-0.191183	1.400176	0.548992	3.655447	0.546073	0.462812	-2.135538	-1.727989	0.725679	0.850774	
1	0.163794	-0.349897	-0.580361	2.068960	1.209717	0.108030	0.910395	1.437031	-0.297493	-0.234217	
1	-0.706944	0.893210	0.104799	0.990977	-0.075957	-0.812469	-2.158878	0.888840	-0.271497	1.702883	
1	2.296328	1.497104	1.303721	1.416925	-1.103723	-0.609561	0.597354	1.126884	0.631042	1.835294	
1	0.427616	0.937372	-0.505371	1.316179	-1.273534	-1.147863	-1.678533	1.309524	0.491782	0.121325	
1	1.611813	1.404039	1.533295	2.560917	1.942295	-0.145728	-0.218418	-2.511448	3.122440	2.480164	
1	-0.651222	-0.448567	-0.041642	3.645157	1.340824	0.184024	-1.313179	0.470428	-1.398802	-0.597710	
1	-0.953354	0.892254	-0.577389	1.864487	0.059912	0.840553	0.227608	0.038762	0.788662	-0.837156	
1	-1.038562	1.519806	0.684984	1.947058	1.105883	-0.408609	-0.672696	0.038273	1.095374	-1.276183	
1	0.553514	1.159218	-1.002331	1.840975	-0.126049	-0.958638	-0.444769	-0.724627	0.684043	-1.240968	
1	0.486751	1.814500	-0.454358	3.249174	0.294010	0.326816	1.727175	-1.622326	0.206545	0.421655	
1	-0.829822	-1.701403	-0.346077	1.720397	-0.552709	-1.436374	-1.011006	-0.966445	0.623154	-0.412285	
1	-1.961187	0.801705	-0.872746	2.315566	1.473346	-1.042971	0.848924	0.372457	-2.781841	0.760768	
1	-1.361723	0.188672	0.631191	0.996840	-1.706945	-1.605243	-0.766744	0.059675	0.791200	0.305727	
1	0.019703	0.239955	0.976015	2.736068	1.877232	0.059029	-0.400579	0.589169	0.375214	-0.632569	
1	0.739065	1.163651	-0.658409	0.755333	-1.402795	0.327090	1.270044	0.781759	0.938065	-0.445098	
2	1.226036	1.008391	1.141347	-1.488691	-0.875010	0.230575	-0.566998	-1.071331	0.060870	0.384005	
2	1.999414	-0.356348	0.569674	-0.876738	-0.958595	1.486691	-0.095499	-1.038243	-0.772948	0.326350	
2	-0.791974	0.633361	0.843630	-2.381463	0.615505	0.695373	-1.477976	-0.359971	-0.644740	-1.392440	
2	0.292561	-0.415951	-0.233234	-1.321702	-0.745086	2.116414	0.122107	-1.465896	1.848466	0.132870	
2	-0.165338	0.695584	-0.902001	-0.926503	-0.571964	0.267209	-0.383116	-1.140498	1.282246	0.727722	
2	-1.179736	-0.522949	-0.588867	-1.458955	0.144494	0.482002	-0.448950	0.148464	-0.223381	-1.231993	
2	-1.025816	-0.420206	-0.618933	-1.950808	-1.371591	0.438096	0.144553	-1.296727	-1.204088	1.098551	
2	-1.882583	-0.956816	-0.885686	-0.505074	0.888282	0.560342	0.027061	-1.587007	-0.942207	-0.869846	
2	0.876349	-1.495289	0.013396	0.083972	-2.646022	0.835673	-0.002535	1.417643	2.214122	-0.102105	
2	-0.030990	0.436145	-0.282531	-1.033227	-0.388618	1.070720	3.007350	1.039246	-0.130899	-0.866987	
2	1.075482	1.119658	1.101564	-2.685479	-0.602056	-0.990217	1.046731	1.134205	0.268129	-0.328136	
2	-0.750257	0.168315	-0.493969	-1.473120	0.710538	-1.299656	1.689733	0.527771	0.029081	0.963418	
2	-0.407810	-0.650180	0.802495	-1.600659	0.406865	1.341941	1.666527	-0.070741	1.130347	-0.904107	
2	0.532040	-1.140197	-1.007966	-4.034284	0.595019	0.970791	-0.287502	1.320486	-0.769751	0.427067	
2	-0.019126	-0.971211	1.922060	-1.786073	-0.504650	-0.849795	-0.487005	1.670190	-0.739817	-0.199028	
2	1.439141	1.792071	0.168129	-0.868205	1.855430	-0.049388	-1.669182	-0.517113	-1.788351	0.214458	
2	-0.870152	0.108430	-0.026186	-0.793686	-0.474988	1.857248	-0.975265	2.030441	-1.527398	-0.419008	
2	1.487747	-1.075375	-0.404655	-3.518896	0.003461	-1.160908	-0.285797	-1.665806	0.269470	1.216542	
2	-0.332865	-1.114543	-0.536850	-1.772684	-0.694954	0.330497	-0.092191	-1.594743	-0.087772	1.522815	
2	-0.145341	-0.739020	-0.485735	-0.680708	1.275201	-1.390352	0.325278	-0.584842	0.769458	0.062211	
2	-0.451349	-0.210358	-0.353573	-2.133036	-0.955190	0.173983	0.153787	-0.522234	-0.513052	-1.930161	
2	-0.540747	2.043044	1.291164	-0.815779	-1.430918	0.309081	-1.193385	0.510355	0.456511	0.062306	
2	1.682165	0.050995	0.535268	-2.536139	-0.312222	-0.182844	-0.330344	0.716114	0.749295	1.375029	
2	-0.801780	-1.241722	0.008275	-0.551560	2.057221	0.946882	1.738295	-0.710183	1.926703	0.157750	
2	1.283951	-0.720825	-1.006696	-0.090872	-0.267031	-0.136726	-0.302764	0.951121	-0.086363	-0.363136	
2	-0.140380	-0.981422	-1.697258	-0.686330	-0.751674	1.192242	-0.923455	0.697977	-0.184106	-0.101113	
2	-0.068733	1.361525	1.816218	-1.678201	0.010729	1.101429	-0.255567	-1.453810	0.088230	-3.000573	
2	0.147100	2.035499	-0.145238	-1.545221	0.225569	-0.276745	0.336793	0.585496	0.074207	-0.220374	
2	-0.073851	1.563775	-0.139628	-2.139586	-0.293606	0.261700	-0.389166	1.077238	-0.170897	-0.464624	
2	-1.327638	-0.335501	-1.131853	-1.938304	0.482589	0.211522	-0.429146	-1.018261	1.875026	-0.389885	
2	-0.999168	1.227780	0.612621	-0.876900	-1.541576	0.971438	-0.345374	-0.553327	1.238620	-0.063140	
2	0.435025	-0.035126	-0.906137	-1.417740	-1.432680	1.250160	1.194758	0.998710	-0.518873	-1.385581	
2	-0.280602	-0.121191	0.884436	-1.349339	-3.555789	0.797662	0.844758	2.195796	0.827610	-1.585523	
2	0.183677	-1.079306	-2.360085	-0.633839	0.080790	0.027900	-0.754751	-0.346967	1.243983	0.592724	
2	0.675992	-0.238751	0.420889	-0.918019	1.442939	-0.890406	-0.750551	-0.324203	-0.933344	-0.693874	
2	0.148322	-0.772925	0.183455	-1.270273	0.238116	-1.289454	-1.751088	0.529376	-1.072529	-0.487362	
2	-0.434733	-0.223426	0.500808	-0.513756	0.122721	1.105078	1.134212	-0.257506	-0.345410	0.708569	
2	-0.083362	-0.629078	-0.330186	-1.434000	0.845333	2.005700	-0.108164	-0.860346	0.230047	-0.318844	
2	1.361803	-0.326952	-2.413556	-2.789211	-0.341496	0.272379	-0.243681	-1.248974	0.119509	0.700738	
2	0.674481	-1.575435	-0.962842	-1.591640	-0.607628	-0.068548	0.180208	-1.659172	-0.103739	0.235550	
2	0.803192	0.541538	2.715049	0.374899	0.270601	0.940558	-1.308279	1.874901	0.196357	-0.306728	
2	0.905000	-1.271820	0.978478	-1.729328	0.725726	-1.686415	-0.927308	0.412479	-0.953590	-0.114542	
2	0.956014	0.346824	-0.799434	-2.676680	1.060191	-0.260155	0.184740	0.315076	-0.879262	-0.989491	
2	-0.768706	-0.615249	0.483988	-1.307136	-1.114121	-2.005368	-0.323425	0.337413	0.346869	0.620260	
2	2.491324	-0.838184	0.465238	-1.946409	-0.239728	0.429757	-2.069644	-0.795658	-0.198459	1.016438	
2	-0.153869	-1.848141	-2.467322	-0.656391	-1.881801	0.029375	-0.776909	0.534611	-0.415704	0.695156	
2	0.041459	-0.297123	-0.319555	-0.297236	-0.193394	0.330151	0.266268	1.191935	-1.713013	0.373819	
2	-1.504890	0.923285	-2.029149	-1.587965	-0.761954	-0.429231	1.077611	-1.628341	0.209935	-0.700198	
2	1.085012	1.686723	1.162026	-0.510592	0.427293	-1.871011	0.089024	0.362708	0.380413	-1.654917	
2	0.572049	0.547287	0.949120	-1.837088	0.452675	0.998168	0.145978	0.165358	-1.392689	-0.512620	
2	0.191929	-1.264371	1.485651	-2.005930	0.974889	-0.656059	-0.483140	0.301179	-0.201040	1.243462	
2	0.618327	-0.209591	2.044026	-2.946789	1.336935	0.180461	0.211255	-0.010722	-0.026028	0.619369	
2	0.865766	1.109798	0.080027	-1.955005	1.479238	0.955031	0.545705	0.396471	0.810840	-0.432874	
2	0.358524	0.511657	-0.527735	-0.086350	-1.996744	0.575455	-0.908649	-1.104663	-0.740498	-0.969284	
2	-2.529204	-0.615483	0.296050	-1.219944	0.036254	-0.829480	1.059693	0.499465	-0.640525	-1.048701	
2	-0.107627	0.236241	0.219985	-2.152772	-1.280669	-0.260465	-1.672367	0.194517	-0.815233	-0.904372	
2	-0.165975	0.908954	-0.166440	-2.105668	0.734945	-0.216537	-0.046122	-0.356880	-1.780541	-0.254156	
2	0.435371	-0.378134	-0.180877	-1.975677	-0.606838	0.995297	-0.232865	0.488547	0.064596	-0.390160	
2	-0.300743	-0.742481	-1.020640	-0.628549	-0.640683	1.291663	1.657959	-0.530931	0.312455	-0.810834	
2	0.144595	-0.800075	0.045718	-1.486656	-0.573029	-1.065421	-0.315105	-0.473925	-0.803662	-1.104572	
2	0.096597	0.522616	-1.350252	-1.312297	-0.915496	-1.019438	3.252811	0.453267	-0.954258	-0.069444	
2	-0.174700	0.500465	0.264089	-1.334394	-0.368054	0.131385	-0.275185	-0.434765	-1.179925	0.211962	
2	0.675104	-0.481371	0.618735	-1.611840	1.087906	-0.001204	-0.721573	-1.550393	-0.197798	-0.179085	
2	0.084941	-1.509149	0.670180	-3.142189	0.759296	0.202194	2.345928	-1.603903	1.065646	-1.844106	
2	0.877505	0.113664	0.899230	-0.135268	0.104975	-1.052519	-0.018623	-0.786824	-2.828128	-1.647043	
2	-0.594691	-0.264472	0.529052	-3.085665	-0.259580	-1.345230	-0.258052	1.867876	-2.267016	0.412139	
2	1.589647	0.084828	0.880452	-4.130466	-3.111382	-0.079279	0.146741	2.297223	1.038709	-0.365678	
2	-0.852597	1.425395	-0.012943	-1.947543	-0.627355	1.241627	-1.009365	-0.066853	-0.718465	-1.120800	
2	-0.288577	0.306195	-0.383264	-0.775310	0.351950	0.635671	-1.470567	-1.555217	-0.064093	2.398290	
2	-1.483939	-0.829566	1.395809	-1.531712	0.411682	-0.118784	-0.649204	0.005022	1.178235	1.097601	
2	-0.646824	2.146977	-1.844680	-1.763313	0.301632	-0.384562	0.070548	0.689971	1.523277	0.627919	
2	1.265155	-0.670525	-1.108924	-1.654753	-1.069142	-1.126322	1.151016	2.573331	0.030259	-0.016690	
2	0.473226	-0.490433	-0.796730	-1.110442	-0.096047	0.903834	1.221468	1.725748	0.657438	-0.142417	
2	-0.955856	0.554257	0.586665	-1.102952	-0.725172	0.858818	0.485867	-0.400784	0.188683	2.098823	
2	0.506044	-1.366696	-1.369805	-0.718245	1.202222	-0.166232	1.208433	-1.197863	0.473293	-0.928499	
2	-0.720194	0.140323	-0.044202	-2.256611	1.392753	0.389421	2.644885	-0.493117	-0.369685	0.833053	
2	-2.110295	-0.039547	0.501779	-2.446810	0.886341	0.273969	0.657194	-1.132553	-1.506498	0.524472	
2	-0.541388	2.062720	-0.334452	-0.674648	-0.135281	0.931503	0.972136	1.329302	0.568678	0.608842	
2	1.989192	1.251655	0.675660	-1.811973	0.640542	1.648390	-0.303389	-0.423613	0.625452	-0.086830	
2	0.215413	0.395722	0.636619	-2.201253	-0.883509	-1.766545	1.209477	-0.178415	-0.402748	1.803380	
2	-1.981906	-1.087070	2.386686	-2.649671	1.401556	-0.308435	-1.136420	-0.874682	-0.568864	1.092938	
2	0.711734	0.520623	-1.409161	-2.536491	0.772636	-0.080882	-0.333455	0.659606	-1.454219	-1.526086	
2	1.960874	-0.356600	-0.535588	-1.880032	-0.385837	-1.281593	-0.865975	-0.922963	-0.536844	0.316617	
2	-0.041662	-0.526254	0.979623	-0.931569	0.631864	-0.291445	-0.563153	0.726310	-0.598449	0.580706	
2	-0.150072	-1.859505	-0.150590	-2.597064	-0.070976	0.816249	2.009424	-0.997630	-0.376951	-0.173894	
2	0.606245	-2.290580	-0.255516	0.024858	0.604826	-0.760550	-0.206414	0.278662	1.648526	0.188722	
2	-0.831959	0.347073	-0.705862	-0.010829	-0.696478	-2.109223	-0.429742	-0.484088	0.353456	1.304217	
2	0.309508	0.450311	1.167217	-0.254133	0.244977	-1.023304	1.043727	0.739022	-0.403002	0.224214	
2	2.555304	-0.378019	0.772487	-1.395457	-0.681539	0.288610	-0.318059	-0.730034	0.297770	1.700195	
2	-0.879658	0.634884	0.873563	-1.925990	-1.337984	-0.765004	0.324033	-0.723276	0.292613	-0.904826	
2	0.074854	0.316729	0.199639	-0.449066	-0.685951	0.951276	0.557941	-1.003271	1.163939	-0.460825	
2	0.418194	-1.386555	-1.788527	-1.478025	-0.486424	-0.559975	-0.874605	-0.129309	0.866269	-0.263654	
2	0.447429	-1.228484	2.127554	-1.217938	0.758536	0.232274	-0.357464	-0.499239	0.994731	0.472922	
2	0.877937	1.177283	-0.798242	-0.433851	-1.071083	-0.598587	1.940129	-0.554633	0.163869	0.412917	
2	-0.207829	0.458148	0.558765	-3.276297	0.626499	0.634132	0.138589	0.933514	0.364719	0.938691	
2	-0.747894	-0.318116	1.593397	-0.341277	-0.918248	-1.645575	0.916651	1.293420	1.061693	0.603464	
2	-0.063207	-1.045882	0.150013	-2.010649	1.056499	1.647693	1.288994	-0.351109	0.088825	0.323229	
2	-1.937032	0.258709	-0.115245	-3.220689	0.086366	-0.219468	0.583170	1.912747	-1.560256	0.699794	
2	-0.218988	0.245571	0.713537	-1.769229	-0.144598	-0.138439	0.126985	0.847540	0.170877	1.340478	
2	2.231862	-1.852115	-0.342688	-2.421490	-1.203021	-1.430881	1.295954	1.729925	-0.941657	0.812606	
2	-0.564342	0.943009	-0.722389	-3.641931	2.595531	-0.001635	-1.272414	-1.006695	-0.075117	-1.632856	
2	0.370891	0.061107	-2.223891	-2.720884	1.988164	-0.070544	1.220836	-0.504286	-0.482199	-0.876720	
2	0.517648	0.334417	-0.208931	-1.229163	5.726277	-1.209746	-2.128142	0.936053	-0.691857	-1.927559	
2	0.407988	-1.320925	0.152947	-2.441668	1.938966	0.598621	-1.277511	0.667761	1.133026	1.885503	
2	0.078779	1.647234	1.512401	-3.511556	1.125711	2.019469	-0.432343	1.348107	-0.383664	-0.336601	
2	-0.648143	0.835945	0.694185	-1.609176	4.427172	1.194886	-0.086369	0.341456	-0.000242	-0.083636	
2	0.366165	-0.826004	1.040812	-2.604504	0.728630	-0.063162	-1.648684	0.363266	0.072493	-1.775526	
2	0.255221	-0.204088	-0.215344	-1.631102	2.540758	0.559744	0.785208	-0.319210	-1.429762	-0.773323	
2	0.174873	-0.616140	1.393535	-3.055251	2.059449	0.215001	-0.077123	-0.548827	1.167932	0.947297	
2	0.623255	0.416269	0.923687	-2.310517	4.367180	0.422039	-1.108378	0.644837	-0.147304	-1.076904	
2	-0.170135	0.807184	-0.346672	-3.906089	2.981537	-2.071630	-1.204629	0.187305	0.801071	1.748822	
2	-1.192450	0.368554	0.094793	-3.327123	1.341281	-0.909645	-0.971608	-0.036206	0.271476	-1.486160	
2	-0.770286	0.473155	-1.454646	-1.803376	3.022803	-0.285275	-0.845661	0.501415	1.129127	-1.240467	
2	0.713170	0.535826	-0.863434	-1.966942	3.913117	0.636349	-0.127967	-0.752009	-0.741573	0.429935	
2	1.050440	-1.080536	0.357808	-1.302474	5.161860	0.366233	-0.054686	-1.007516	-1.718975	-1.521603	
2	-0.635685	0.712850	-0.811692	-1.993846	6.075755	-0.102437	-0.592531	0.661686	-0.514100	-2.471894	
2	-1.350060	-0.871754	-0.202853	-2.320308	3.516884	-2.167238	-0.085599	0.284979	-0.639127	0.499632	
2	-1.033007	0.615363	1.230359	-1.770413	4.537433	-1.430272	-0.654926	-1.758773	-1.214594	-1.199208	
2	1.031223	-1.094351	-0.695252	-1.701496	3.372259	1.343593	0.178642	-0.745647	1.140758	-0.504239	
2	0.937095	1.099911	-0.113325	-1.370253	3.140971	0.138047	1.565664	-2.001079	0.938195	-0.485535	
2	0.803127	0.420177	-1.076220	-0.917658	4.714679	0.017499	0.870590	0.684806	0.823666	1.238892	
2	0.993043	0.792477	0.734531	-1.743653	4.020734	-0.338495	-0.413708	0.466502	-1.816761	0.153042	
2	-0.029103	-0.675044	0.554639	-2.654202	2.041065	2.915345	0.147100	0.152970	-1.734571	0.056580	
2	0.161311	0.784728	-1.502240	-3.827477	2.845872	-0.686935	-0.161429	0.484474	1.557545	0.182973	
2	0.734093	-0.752558	-0.862196	-3.162488	3.757461	-0.142364	-0.431909	-0.667470	0.081168	-2.053033	
2	0.941675	-0.373105	-0.554897	-3.320869	2.581914	0.538762	-0.317044	-0.475352	0.523605	-0.612792	
2	2.603713	-0.270689	-2.648131	-3.063303	3.816072	1.328223	1.123678	0.049225	-0.342813	0.064905	
2	-0.983196	0.511243	-1.268233	-1.034937	3.933153	-0.131040	-0.551644	1.071237	-1.714676	-0.378266	
2	0.114703	1.279740	-0.787267	-3.418385	0.738576	0.970132	0.192383	0.549185	-0.055943	-0.702212	
2	0.449005	-0.234140	0.551005	-1.831468	2.379440	0.998571	0.622901	-0.054762	-0.265925	0.114693	
2	-1.181138	-0.206578	-0.228465	-3.984326	1.922394	0.262851	-1.044433	1.121778	2.681821	-2.525629	
2	-1.514713	0.308348	-1.136848	-2.801619	2.352425	-1.318335	-1.522771	-0.046278	-1.154733	-2.097838	
2	0.166366	-0.672757	-0.259884	-2.583297	3.362626	0.806470	0.778501	-0.592196	-0.383351	-0.233038	
2	-0.720212	1.454995	0.743121	-3.062518	3.518131	0.104344	0.390013	0.907440	-0.966477	-1.776972	
2	-0.000076	1.054537	-0.131666	-1.486582	4.554643	1.556702	-0.539595	0.315237	1.983377	-0.616197	
2	-0.973902	0.942365	-1.318654	-2.832989	3.271896	-0.841786	1.142219	-1.099696	0.706824	-0.500826	
2	-0.099568	-0.463781	3.007128	-1.261426	2.541540	-0.003484	0.320172	-1.093002	-1.217361	-0.343882	
2	0.103440	-1.584223	0.246757	-3.166338	1.808472	-0.505063	-0.411729	-0.731668	0.321609	0.280101	
2	-2.265550	-0.864633	1.517018	-3.687523	1.588556	-1.845123	-0.445760	0.903941	-1.288731	0.070789	
2	0.774755	0.425621	2.692658	-1.892974	5.152215	-1.052527	-0.507163	0.602308	-0.319195	0.802853	
2	-2.058687	-0.637779	1.244519	-0.605580	5.083282	-1.962836	-1.105346	0.055552	3.037948	-0.160902	
2	0.260788	0.310884	-0.112915	-1.161645	2.764894	1.696867	2.759631	-0.178747	0.338209	1.086572	
2	0.022192	-0.674707	-2.049546	-1.424661	5.719151	0.242644	-2.295976	0.192818	-1.076947	0.817981	
2	0.236799	0.201763	-1.535423	-1.851087	4.144177	0.602697	0.276002	1.350439	0.235743	0.216420	
2	1.557238	-0.186570	-0.467795	-0.816115	4.699641	0.206772	0.005712	0.753070	-0.673034	1.937740	
2	-1.574182	0.393777	0.149109	-1.126554	3.890259	1.123258	-1.294668	-0.536407	-1.021967	-0.098795	
2	-0.702165	-1.666628	1.821361	-2.815165	3.895704	1.519756	-0.147223	-0.184125	-0.929518	0.494057	
2	-0.778990	1.317298	2.398203	-2.356491	2.299195	-0.406145	0.393961	0.535092	0.116332	0.115479	
2	1.584747	-0.198437	0.857913	-3.383123	4.308555	-0.966166	1.036928	-0.378492	0.774944	1.318135	
2	1.344815	0.384417	-1.253115	-2.652941	2.665222	1.108818	0.113941	1.125309	-0.072376	-1.298121	
2	0.723150	1.859175	-0.196446	-1.707581	2.821001	2.253282	0.587377	0.351729	-1.293018	-0.899314	
2	-1.591311	0.010939	2.233922	-2.092057	2.054847	-0.219884	1.769342	1.434632	-0.761381	-0.312467	
2	-0.470575	1.146321	0.022945	-3.515902	1.671090	-0.761083	-0.109969	-0.238642	1.772647	-0.132419	
2	0.537133	-0.327888	-0.064151	-1.247520	4.300964	0.334482	-0.578599	-0.403527	-0.655937	-0.186288	
2	0.360417	1.026113	-0.985280	-1.495159	3.623473	-0.944112	-1.443195	1.998857	-0.454884	-0.492723	
2	-0.663692	0.465261	0.342395	-1.324664	3.463391	-0.779866	0.857609	-1.574909	1.255769	-0.853621	
2	1.541366	0.008680	-0.543653	-2.183422	3.884169	0.678448	-0.514071	-0.750310	-1.328328	-1.527385	
2	-0.589622	-0.284298	0.435196	-1.528522	3.198463	-0.219965	1.436534	0.835664	0.705228	-1.622140	
2	0.395951	0.553834	1.136749	-1.987031	3.789233	0.528648	0.072891	1.298757	-0.436964	0.780214	
2	2.044501	-0.936957	1.765726	-1.949132	3.285283	-0.503807	-0.135770	-1.171975	-0.724630	-2.092989	
2	1.772736	-0.914923	-0.016749	-2.562630	3.571910	0.587419	-0.568641	0.817476	0.964353	0.306993	
2	-0.200510	0.980490	2.460870	-2.868608	1.072548	0.344050	-0.520249	0.804909	0.140702	0.068069	
2	0.772324	0.658101	1.807972	-3.865484	2.594552	0.519554	-1.273909	1.329768	0.330141	0.462372	
2	1.720004	0.567545	-0.846419	-2.622394	1.847175	1.177197	0.605340	0.772885	0.336462	-1.072887	
2	-0.972107	-0.389270	1.667221	-3.148289	1.500514	0.875216	-0.423807	0.357160	0.216629	0.240065	
2	0.985598	0.010686	0.487331	-3.230245	3.282324	-1.544049	0.645174	-0.807541	-0.855234	0.007212	
2	1.908854	-1.462815	-0.918465	-2.859122	4.366067	1.828845	-1.705542	1.303619	-1.158545	0.823329	
2	1.031662	-1.304928	1.270540	-2.086115	2.992814	-1.245337	0.347560	0.738581	0.523715	-0.604927	
2	1.265826	0.414497	0.949204	-3.870391	1.841312	-1.768016	-0.922283	-0.926590	-0.543721	1.860644	
2	0.001464	-1.073104	0.590846	-2.318710	1.983573	0.959165	-1.578066	0.643750	1.675651	1.070211	
2	-1.313384	0.136715	0.105480	-2.820497	1.069018	-0.782674	-0.237061	-0.739055	-0.296326	0.186895	
2	-0.742586	-1.558176	-1.074819	-4.230503	2.443848	-1.899380	0.621061	-1.323233	0.380959	0.028363	
2	1.584562	-0.446446	2.407859	-4.945194	1.303946	-0.043281	1.040828	-0.436592	1.877485	-0.946674	
2	0.073719	-0.938700	1.294186	-1.605765	3.859655	1.843486	1.243599	0.050238	-0.046345	0.607992	
2	0.846471	0.556328	1.701452	-2.939054	2.043368	0.897754	-0.381641	1.183366	0.356456	0.545809	
2	-1.037845	0.009399	0.490857	-1.837789	2.419977	0.694998	-0.967439	-0.220218	-0.192190	0.851815	
2	-1.814753	0.272346	-0.407742	-2.224145	2.718790	-1.070517	3.058692	0.122053	1.531177	-0.017914	
2	-2.097081	-1.146035	1.190992	-3.051371	3.943523	-0.807920	-0.554103	0.348741	0.255708	0.907610	
2	0.285519	-1.188314	-1.380122	-1.679462	3.580716	0.924598	-0.710407	-1.168052	1.164394	-0.608306	
2	-2.179006	-1.257798	0.458444	-1.681341	4.388231	1.329246	0.478487	-0.295353	-0.358588	-1.561980	
2	1.455232	1.070831	-0.722710	-2.340210	3.254212	1.116126	-1.082740	-0.332777	-1.612677	-1.019017	
2	1.165607	0.602976	0.030504	-1.506375	2.657969	0.557724	-0.671803	-0.721972	-0.030457	1.479172	
2	0.307951	0.187841	0.666316	-2.119698	1.669071	-1.022396	-1.538020	-1.193007	1.202620	0.646014	
2	1.047086	-0.788888	0.932729	-1.760130	4.790689	-0.185415	-0.201039	-1.107169	0.755243	-1.248464	
2	-0.106908	-1.075719	-0.351885	-3.656571	2.066118	1.234641	-1.133718	-0.337761	-0.224239	-0.246669	
2	-1.835721	0.991303	-0.296700	-1.425182	6.922039	1.415991	0.391487	-0.651490	-0.002978	0.337816	
2	-0.126129	0.496759	-2.515148	-4.242244	1.107993	0.404428	0.189846	1.459951	-0.931374	-0.268447	
2	-0.678049	-1.097918	-1.474072	-2.988818	3.162287	0.113995	-0.723717	-0.715620	0.703002	1.573972	
2	1.265040	1.648579	2.069917	-1.888493	3.758417	0.351412	-0.386292	0.026082	-0.811710	-0.049935	
2	0.348143	-1.764064	0.356384	-2.959946	1.892079	-0.468491	-0.574924	-0.373487	0.332198	-0.319025	
2	0.413490	0.325489	0.555368	-2.034096	2.649424	0.866088	0.169873	1.587168	-1.132709	-0.558562	
2	-0.374514	0.674877	-1.269589	-1.933341	2.560581	0.235637	-0.659602	1.443918	0.088528	-0.439119	
2	-0.894252	0.153405	-0.406723	-3.133499	3.378961	0.481979	0.272937	-0.560605	1.579717	-0.115531	
2	0.280353	-0.964803	-2.020418	-1.717692	3.224114	-0.138779	-0.853548	0.721177	0.121039	-2.043855	
2	-0.438256	0.253318	-1.602109	-2.233521	2.297323	0.330294	0.590226	-0.644494	0.408679	0.865547	
2	1.392548	-0.211840	-1.539996	-2.456755	2.868404	-0.609748	-0.166275	0.916462	-0.271898	-0.167498	
2	-0.367377	0.201963	-1.910490	-1.570955	3.252110	1.624813	-2.060035	2.163341	-1.260101	1.644352	
2	-0.795427	-0.315030	-1.397318	-2.680608	2.705920	-0.268765	0.191932	-0.353280	1.288353	1.133450	
2	-0.218398	0.513718	-1.250968	-3.514758	0.117383	0.719451	0.950641	-0.782073	1.491254	-1.163395	
2	1.081998	-0.501509	-0.794577	-1.891788	2.412205	-1.943380	1.271635	-1.208110	0.346858	0.561956	
